手計算&備忘録

                      R:篩の再構築ポイント(素数の二乗)
         n     1  2   R  3    4     R       5     6           7     8           9     R           10    11                 12           13    14           15     R
            1  2  3   4  5 6  7 8   9 10   11 12 13 14 15 16 17 18 19 20 21 22 23 24 25 26 27 28  29 30 31 32 33 34  35 36 37 38 39 40  41 42 43 44 45 46  47 48 49 50 51 52
  最初の篩 [1] 1  1
篩の再構築       [1 + 1] 
     2の篩       [2   0] 2 0 [2 0] [2  0] [ 2  0]
篩の再構築                   [2 +   2] 
   2&3の篩                   [4 0   0  0    2  0] 4  0  0  0  2  0  4  0  0  0 [2  0  4  0  0  0] [2  0  4  0  0  0] [2  0  4  0  0  0] [2  0  4  0  0  0] [2  0  4  0  0  0]
篩の再構築                　　　　　　　　　　　　　　　　　　　　　　　　　   [2   + 4]                [4          + 2]
 2&3&5の篩                                                                     [6  0  0  0  0  0   2  0  6  0  0  0   0  0  4  0  0  0   2  0  4  0  0  0   2  0  4  0  0  0]
                                                                                                                   2&3&5の篩をすべて使い切る前に7の篩が合成される↑

Alg1.P(n):手計算そのまま

Alg2.P(n):篩から0を省いたもの
  ※篩のサイズが大きくなりすぎるので改良してみたが焼け石に水だった。
    篩から0を省くのに思ったより時間がかかってしまっている。
